
p_dark_red=[153 0 0]*(1/255); %OASV
p_red=[255 0 0]*(1/255); %OA
p_fade_red=[255 153 153]*(1/255); %OASS

p_orange=[255 153 0]*(1/255);%OG
p_fade_orange=[255 178 102]*(1/255); %OGSS

p_yellow=[255 255 0]*(1/255);%OGNC
p_fade_yellow=[255 255 153]*(1/255);

p_dark_green=[0 102 0]*(1/255); %YASV
p_green=[0.4660    0.6740    0.1880]; %YA
p_fade_green=[153 255 153]*(1/255); %YASS

p_dark_blue=[0 0 102]*(1/255); %YGNC
p_blue=[0    0.4470    0.7410]; %YG
p_fade_blue=[51 153 255]*(1/255); %YGSS

p_indigo=[127 0 255]*(1/255); 
p_violet=[204 0 204]*(1/255);%OANC


p_black=[0 0 0];
p_gray=[0.5 0.5 0.5];






